17665 ’ S. 11111111111111111 1686

’1111671161 71117617 ἕνεκεν rit.- 6111116111171111111117 nostru 66111 unani-uer 1111111611111111616111 11111-
1117611111,1116 6167711611. scripsi.

’66711161 666χ1111161611111111161 6176111 6111611611 Hadrianus exiguus 1761107111 saneta ueaunae 11·
11111171, 111171 171 6117177171 1111611 11176 πάντων etesiae, 61 111711177111611117,171111,1 711 1711111611
11161 71111611 lum 1116111116-116167111611111 1111116611 unanimiter 1111111Ιωω,16116161111111·
1117111111,1111111167.1116716.

16171106711111111111111 11, 117111 1116171611 16111111171111176111711111117 11111161116111·
1117161711, 11161717 1611171776, 1711111161 1111716 πάντων 6611611,611611111 suggestionem 1711111 7101711106611
1711711711111111111111111111117111111177 11111111116111111116111111111161111,1111161111111
11111111, 111· 11167. scripsi.

16176111116616χ11111 6116111711 1161” 176111 6116116111 (6611111611116711111761117111171611 ecuestauat-
1116111171 1111171 171 1117177171 11111161 111176 1611111 11111161,6111111111177111111111171111 711171111111
671117111716171611111111611111161161’171161πί1111,-1111111 66161 111116116111 1111611111711, 1111161111 1111-
1117611111,111116111771116716.

·1711·11111711111]66171111,’11111171711717177 1011111111671111171111711116111111111161116·

6116116111 16611111,“ 111117χ6111111611676111, 1111617 176 6111· 66011186161666. 71016111611661616616767611611111117711
11176, 171 11111 11176 161711 1711 71171617 111111 16111111,1711171711 17111116111111111111111111111111
111611111611611711 16111111171111,11111117 111111111111,1611111111 subscripsi,
· 11116111 16177111111161111111111617111 6111611611 11111111111117111176111711111111111111111187
1171116111111 11, 11116617, 11617176117171,17 7,, 111111117111611618616161,6111111177111111111
11611117111111111671617111161111111111 6111116111 711117111711111611111111 6111111111111111111·
17111111111111761111,11111117.1611111,1616161111111116711.

1116611111 116771111111111111111117111 1116111111 1111661111 exiguus 176111711 sancta 11111117
1111161111 rus 11 11116117,11117,17611717ᾷ,171 111111 11111111111617111611618616161,61111111177111111111,
1176 161111 67161 71117117 611111 111 &meme 711111711171111161111111111111116116111111111116·
11161 11611111 1117111111,1111167. 1111,161161611111111116716.

’1161111 1667711111 6161111111 111 617611 1116111111 ’ 1111111111711117611171111111111 ecclesia ’11111-
161, 161 8177116111 1111111117, 1111617 176 6111171717, 171 uiuum 7111611168 sicuiae, iu 611111 suggestionum,
- 1111611111611111116711 7117117611111 111 17111711, 711117111711116111111111111111111116111111·
6111117111 1161111111 1117611111. mi* 11167. 0161116811, similiter 1161116716.

’1116611 ............... 1111111116711117611171111111111111161111717111

7111611611 8616161ᾏ1111111117711111111171111711
. . 171111661111111111611171161161111111111161111,16·
................. 116161111167116716.

1661711 6616χ11111 6161111111 1111 67611 6111671611 6111111116711117611771111111111 1161616168 Tauru-
1117117167 16111, 1117617, 177617 1716117777, ³³³ 1111111171116116118611161,·ι11111,111771116111111,
1111611171 1611117117717117 611161 111 611111 quatu 7111711111611 1111111 uuo unanimiter mastru-
6111616716111111111111117611111, 1111661167. 16111111, 1611161111111111711,

iwitwiv‘ 66άχ11111 61671111111167611611116171611 616611111167111111761107111 1111118 ecclesie enta·
1116111 vi,- 1111116671, 11617 17 61171771, 1711111, 117161, 77161161161116176711111177111611111,711111
11716 1611111 61161 71117617 611111 111 1111111177, 711171111161111111111111116116111 consumimus,
171111111111171111,117111171111111111111111711

6161 ω16111 6666111111 6161111111 111· 17611 1116171117 011171111117111171111711111111111Ιωί111611Ιί
ΤΜ*16111661·11116,1,16117616161 111617, ,117617 11111 7111611611 1111111,1111111177111111171111
176 6711171776, 1711111161 1111716 11611117 1171611 71117177777Η1117ο11066111111116611111116111111 construximus,

6111161 6717116117 17711 1171111 1117111111, 111 161116161111111116716.
161167.

11677111. 6667711171 imur-71 1717· 17777777 (111171111117111171111711111111117117111111111
’1717111671 τῆς 11 11116617,11117,11 6171777177 1111617111111111181111116111111177111111111111111
1716167 rap& 11111117, {im 7117716777 161767 1761717777- 710 6706616616 1106616 fide unanimiter construximus,

611161 671161· 11111111 111711117111 676771611616111 1116611τί716.-
’1161661717 11117111 111 θεοῦ 6111111111 11· 1711, 111111111111111117111171111111111111111 Leu-

1171671171 1161111, 6176711 111 1161171111. 1116671 ru< 111111,1171111111111111161171116 7116161111111711·

61 116667 1716117711, 11176171 171 1117177117 «mimine 111116111111161111,611 111111177111111111171111 7111
11717111 71117617 11111111 11117, apostolica 1111111111111161611111111111611111, situi·

’0616771611 6661711111 1161111711 1611617611 6116116111 ΙΙι6616666616166618661111166611761117111111111611161168 Ebu·

·1’111711111. 11111 611 11611111111111116111.
1Ι.,,111111111711111111111611111111166111 1111111111111111. 11.

 

